414952
918730
439325
814472
746795
691175
899323
210164
681673
358882
215581
633386
967868
126925
16973
912727
380745
230365
329434
261308
996471
737010
867287
343913
366849
680671
323899
719438
427477
681393
202943
358781
600123
642269
689606
863270
849796
588929
73435
47821
464163
805368
681208
948383
932293
698181
861111
313038
444898
706897
90698
441370
443907
474337
301635
810756
671361
141886
530195
98838
823279
249490
973972
939754
891759
663578
803025
257908
768859
392812
305729
233023
198180
986937
181406
646825
201470
558869
476215
646369
265767
566913
604091
709674
557602
905726
36783
228963
47612
83330
844154
387244
332820
818126
326998
740932
481704
646375
998840
766915
39187
820921
999938
753719
324211
697697
916896
42033
256566
393111
688402
522333
476376
808845
748360
33979
714571
301495
779294
278536
384825
623448
665780
233997
957926
509130
491281
955982
155506
490121
722898
711045
827395
239188
464765
151606
936885
381661
193639
709804
291125
398394
748489
767501
207239
496849
317832
438163
314696
97127
716699
699521
236927
898831
449871
194854
924313
941152
150836
79819
947626
873734
307217
775021
112923
771982
442979
566160
669995
152970
275964
477472
67716
540806
244974
274956
554007
79158
229471
868704
176285
462522
84577
413213
361353
534448
608067
285666
991953
758903
881838
939579
148990
189055
230952
778265
477389
190283
344425
663736
859605
136742
141209
927322
677548
902535
718630
231555
981693
948101
616611
674331
410623
701189
87544
288328
751989
211963
573994
743942
487218
972184
199873
636208
161239
947177
414473
154980
653812
275251
818717
513418
928345
476278
440740
605893
378813
159370
353800
876858
623823
486764
551189
34446
187953
155085
322774
456294
367048
413120
716589
854267
901657
432814
6827
62896
896344
937653
734229
550156
729256
69298
579926
657601
545576
537018
779846
440741
696388
133646
833951
836563
620410
385141
871009
324715
56578
710135
297362
423627
639608
13951
794246
541265
446765
317425
120513
343109
255078
854742
409618
984334
924040
989544
641935
985968
42915
421781
943061
739303
71780
777013
92219
208542
678506
479580
49610
735084
189716
346972
158711
345676
360923
469309
886941
324040
786735
7454
183502
558165
378549
109472
542500
818941
615368
700787
321262
658283
638921
264323
913939
227053
41336
6158
951947
719842
485738
1557
971279
191806
348529
129990
537482
225804
115652
940775
66197
902387
464582
249699
460552
843131
359171
519404
178424
974539
736544
499686
632823
891817
280362
546762
118870
321698
552920
587169
557893
555010
588727
529172
746817
453608
175514
800651
195765
291166
741427
261962
709905
206009
28013
686810
565492
387184
206214
743916
878075
459110
759955
27250
350927
40317
574012
986149
878367
643284
573319
952612
714647
678398
998136
461464
648358
173651
778467
360475
981169
519894
138789
207427
242255
166802
894237
807747
70338
100451
68016
948414
75914
827971
975664
426841
868288
66029
412991
263007
225665
502662
215620
940312
697412
213756
918128
345770
903759
696596
222598
884929
732842
361387
92356
975098
528190
502945
782845
598528
119748
367213
63294
195662
195184
555311
622504
579824
137692
551847
359184
363357
570861
574804
820022
268273
788560
738150
130395
692320
951098
352993
93601
683941
714381
702309
175391
758923
205254
474588
873803
325002
841802
937098
37017
36986
8761
659521
133163
146453
727720
492347
509810
298581
583503
329832
83206
372063
584335
213601
580735
535433
82947
190688
735726
313680
409349
911117
72603
130955
385706
946406
972310
743860
399856
9327
297198
408617
668848
430361
555070
912920
439060
581233
211501
22563
427417
811059
910979
11752
541012
8066
63538
623959
715107
315616
453991
124456
743086
42946
771764
645144
505705
744074
389004
905561
753401
686202
830531
938601
632916
901953
851521
71976
483186
579374
610892
426956
390433
38223
955060
931445
46289
534950
71757
277748
850567
525748
918557
110005
568695
690321
755149
590752
434395
144153
496313
704148
830355
843196
642749
979623
745150
494270
51600
744688
73644
178844
171644
980429
217067
126705
911874
779708
661655
983631
57457
28574
25732
492366
138579
110779
182687
410080
701531
133434
554233
714196
837582
900941
557393
480331
880564
818895
490953
448516
563583
80949
143712
251580
61378
360779
894637
489604
656840
72644
989588
230649
617571
15320
723015
756150
642451
422054
682583
343982
555488
236816
574530
393070
654109
131923
389753
51026
467170
397058
15894
547106
478007
159607
798686
55737
36738
693323
545341
693578
282319
51281
924227
899890
582953
163594
172393
225404
585648
854976
85738
141136
91792
660269
50558
262254
792192
956663
313280
775715
870073
845526
322821
864432
5133
121507
920169
558224
331182
981863
251802
613501
33144
692382
29744
132450
372328
202137
357854
957977
57113
443593
615465
665257
103862
182376
443863
412406
655391
273495
188121
525465
119022
27294
389897
640507
148801
826419
198731
996335
808282
966886
126189
357778
659268
155933
490228
31596
874422
364435
505925
931535
808028
637743
113144
428242
820119
557008
840648
475510
830503
545122
517327
465877
572416
907225
106385
237570
733644
305116
750257
58278
272002
876446
416056
447622
548731
422637
995571
423153
787072
17848
871040
111452
655591
984185
539694
475710
57545
896694
467573
888048
958168
984900
353926
530585
408477
976663
284507
142121
281779
34764
716751
70134
427563
132808
34108
976294
71797
29679
915800
858869
47528
786840
970321
703119
287377
26367
695182
344922
923061
679107
749323
397582
180359
619601
444519
588837
596264
729026
247310
394395
280142
964062
980881
707705
613222
14990
200352
685019
44669
632504
60240
608549
935696
546913
828021
223074
573280
39555
84348
12693
718662
350023
410275
899021
969624
854794
4210
82240
100172
251521
992988
896667
731935
973869
604372
345157
505211
321076
546528
66233
953580
123120
674782
889277
670033
19155
628703
759665
58710
713051
288710
777372
579427
215338
192746
65403
586484
196956
663996
686657
964829
656984
583324
696764
147205
704048
558273
652417
541477
104801
235002
11409
227921
909784
417038
414306
928940
45741
173971
987650
275145
462682
281375
370924
194372
474121
436327
780856
187429
100323
983865
152259
273659
83541
849023
420865
787590
407297
589634
845419
28450
824636
373180
772724
250772
790219
187030
696064
352312
877354
200067
143809
340036
481442
514733
50760
471915
951061
831616
659344
567736
815482
811603
841396
899023
176979
262261
202965
584276
368247
564736
129078
709235
937917
901802
476359
728136
605185
172424
596800
482539
372491
740610
338927
370285
255343
389687
842200
722756
221303
501544
290493
36785
829500
131889
452161
6479
910502
655126
107107
795101
219863
236185
504336
157780
654340
497047
402268
259525
669471
999068
742064
558314
256030
597343
444951
27726
987030
287151
750482
208333
305048
557327
761471
134548
205568
213632
141027
632422
385110
764486
427523
121325
671
448211
279105
171363
945259
197725
947240
131082
713146
205656
689397
969176
802999
134348
996902
790029
937852
747385
998363
242900
821064
276186
893800
26633
489818
551179
659055
391280
315665
86579
512606
832688
51142
308063
4052
996401
505789
467644
643836
218935
673301
849585
188111
476300
500285
185014
266330
438137
448751
781045
197389
269815
57231
607541
812800
63401
158720
471856
454681
990737
74787
967287
823426
642281
275351
343830
155035
781140
327826
798871
516427
1127
648456
704538
477428
665093
405904
260110
103231
371007
41155
816972
157175
614738
424514
969975
678139
99586
958183
132820
606676
549322
616460
946454
191604
891811
290284
862991
189303
618110
661862
705730
135590
826670
926620
129370
491763
848877
389480
111346
219884
946987
928319
893411
561725
869185
863387
239864
485123
337922
889036
91799
887245
505496
38253
595201
397307
844889
458192
102962
979352
636406
808692
114942
979428
251665
760664
471191
616894
150144
582538
836778
97131
27209
730190
658856
412746
109929
415072
414221
964203
304108
22373
851448
325957
60626
963001
723264
421868
937545
342579
917572
90303
667623
548866
69731
919288
309530
57275
536182
459674
156165
889313
556805
699726
135855
732013
112472
762136
147085
43045
726339
967545
65418
94140
293502
642397
573493
533119
64265
511039
875698
981837
117694
543321
47055
703778
978962
356585
761053
31496
816259
917218
920809
889416
616944
573016
137781
245768
335152
801218
805165
61492
768763
870584
671984
578618
512981
245477
628089
93598
272868
503787
591787
390563
563460
638842
94341
542422
995427
855394
573919
328038
288964
11080
217454
422260
100449
355235
184380
435601
156453
989545
13445
441568
860129
685429
536538
889462
447259
164627
499412
720127
668414
91199
110690
748227
246393
721383
290649
758172
93129
380920
86210
382093
908353
820016
320705
8802
175251
505085
444403
848056
494631
974201
805977
871112
175982
342515
276927
623241
507143
776339
343369
691909
383891
970411
440136
630284
691795
247138
388457
301276
628058
991019
199722
536411
811036
520427
61565
502639
541865
22321
350696
36496
996522
673025
423960
172504
15540
700887
312098
39035
477227
655467
730945
861118
142230
171081
7754
834025
934571
912563
651654
562630
903583
851376
615393
230971
888155
676959
733610
430020
699280
600658
982868
212154
273683
406829
901010
805576
107716
213108
844611
101295
868575
91908
962413
10806
779342
486520
361183
713913
915435
529189
792895
819018
380565
924641
566341
268721
117952
299952
215093
333584
416962
197962
545738
206998
604791
446748
12574
712507
659857
373537
813803
44784
981798
292568
571942
761140
295440
449478
475053
210876
978667
784301
546246
875585
708942
112588
660658
826894
928892
875751
160478
345854
73713
222568
552852
194856
669316
81778
907364
845525
455316
237519
406662
437114
46439
978604
714606
341880
944434
706011
69108
923102
490312
615354
315039
199254
727942
975697
542500
173186
851448
219330
519041
441514
441898
71893
636370
111215
670024
60086
473092
125340
297605
879754
78806
860397
374711
793412
202277
835497
499423
271385
758599
506088
403091
73638
221694
647386
565687
764195
820572
417136
983525
339613
858650
425424
927859
495020
52991
597883
555107
42435
239575
369064
922190
318381
229461
813253
628145
948090
648750
127568
735827
923702
150008
138919
513692
371703
302657
79380
652250
123229
496516
152127
462843
871518
577551
907054
882890
146894
504937
954349
189330
744512
323414
627872
579245
69227
957477
207390
533670
606227
851310
785849
46281
1319
441120
559974
889374
743777
639354
541624
867007
652222
693751
846202
523740
787655
753256
922982
450901
774545
877332
156583
35409
717098
784455
614654
302677
741932
338396
836347
864512
189706
622197
910793
707377
63317
470767
596751
323447
626473
654727
190454
278695
864831
36656
318787
168838
306264
241770
619739
80809
635454
292675
116218
868904
77130
730872
171581
335415
69268
524281
199927
775326
662830
627072
482704
242499
97840
595807
565946
724313
766887
272752
519361
631718
825760
838148
316908
132024
596270
452999
212833
748076
745674
329051
616980
339157
576275
304914
674572
645543
345547
390851
937222
524729
17923
419926
283580
632115
532085
365879
872781
298972
638631
392142
447042
464392
746642
280302
596416
342913
733302
325602
607341
995328
654653
740674
334485
230929
561940
525409
392824
423839
916260
330046
948568
450536
266324
748500
82651
314762
114379
955432
613734
269363
347574
577129
733755
94217
857431
846523
953482
590733
172125
77175
102414
343131
817849
436899
90412
896141
962309
999588
319980
394921
845987
784900
845457
628663
533401
928109
943425
647780
883541
557160
917143
747468
650641
167250
358037
508072
530126
827871
615158
218603
905046
717572
561734
239248
154471
168498
135389
633132
168087
971722
28054
530426
756622
873511
159089
290023
801620
102515
454156
201514
176027
887651
948982
826668
571254
823371
334740
101380
651242
466250
319983
72640
183822
398070
828240
854646
82920
963630
487778
251007
451704
32184
297785
208326
905696
456875
14702
223668
559390
468858
425182
735417
872861
890516
78437
444115
230239
929529
545495
881481
395780
381831
470474
579602
296253
298714
950600
379173
262344
954731
146533
714048
986915
444318
438727
408963
901193
453429
148984
976935
438639
90518
228704
311500
981035
307141
755616
211274
236671
817463
609108
632451
199294
79582
728405
495547
378296
195358
874721
156993
150089
537606
387393
653356
981924
826120
62320
883118
795901
727656
860053
234540
818174
605110
546041
315561
912251
818009
43188
148922
635472
652296
297725
351119
248230
26131
846666
626526
221489
237739
299871
887930
775345
687265
541286
273622
29737
119958
156740
825639
847614
533145
576531
182141
138255
638924
497702
566859
456933
540890
715781
608758
193186
529859
959877
957768
555990
806543
584295
293831
560635
400518
698113
852332
604135
755751
125954
633873
392062
799046
975864
756028
332192
68747
938169
986799
707672
435872
553658
680957
976762
785792
289715
686301
315651
249592
644069
387993
572488
744716
198176
649475
145235
896289
501807
749370
168392
144114
899595
560454
943160
875459
316483
791704
460559
254652
294856
168231
690524
848514
365540
183639
150658
655256
869940
466309
421200
30361
370654
510040
291430
568830
159515
436665
981471
177675
702387
149864
838141
118335
226670
781301
993794
543153
89358
970705
797806
384214
655288
4682
749080
20829
704673
899739
192437
90965
882400
129989
121327
253055
640030
412757
338237
315897
365774
319709
493572
584513
985925
331713
702848
212595
629367
212995
755749
718725
183700
69907
102939
838989
590941
852019
859818
295615
268110
52255
386580
150511
182244
24259
403566
338626
437016
741803
654524
319142
577864
664448
903656
80141
512514
606504
292737
658233
819499
564838
893310
3200
151097
996249
358541
258390
364620
218359
554005
149083
786966
456938
299594
485562
481197
219512
340541
434566
477667
995065
753708
55532
175865
657364
135673
204731
780221
944762
862964
599720
25952
756274
119272
693401
268875
477813
951792
149848
212524
505797
298931
515842
962735
598525
517757
960285
334389
858298
394851
812056
853363
148559
867588
545580
322276
519614
750312
102497
980728
613276
218569
523033
369551
854194
216434
154778
848359
168226
304626
577236
190376
603557
93078
669463
718434
610835
629748
52823
469133
24599
381232
838848
689511
248820
384429
11787
284786
134741
630636
781867
264369
365557
304900
150272
736103
521334
305051
584463
205913
126029
678051
396289
729587
771129
65752
964373
898317
211853
533549
367450
752804
914781
722651
442315
679953
107080
970454
481092
758173
117442
262959
538894
483000
567859
689167
735455
605545
510570
836270
811458
636599
514321
207747
882538
801803
789852
846912
700120
518057
896813
583922
270861
327946
306573
713177
7899
930005
199983
5343
204530
317426
268302
743425
316778
836161
948944
52233
441707
459514
888504
253165
96113
919177
977265
978652
720980
283469
341916
421100
801526
755081
5023
72387
83027
827948
301916
607278
757954
501900
612622
478836
819326
397276
738613
136104
233438
687557
704689
191497
663423
109545
961014
759537
28723
454631
254541
749703
738100
112809
170804
55978
867890
692179
644718
467269
520127
946634
590899
794433
448534
719873
789622
784212
117150
528235
436668
866940
215793
141358
58437
879216
250903
535803
155105
795978
990435
925998
545682
244887
38807
232838
300866
423049
925017
945584
406670
961496
408570
997570
272282
373457
233795
61904
157669
350945
590139
110690
217885
322284
768400
792674
717853
19303
328478
389310
331634
835265
315309
877316
80152
870468
110154
897370
809870
35171
359306
216540
513019
767877
730462
785301
657686
480610
847205
331707
831555
953697
442397
565793
275981
210797
358467
510186
746453
203297
899497
78087
38562
731158
955403
118715
601626
581909
16085
927848
133432
891744
660741
646451
659621
907555
431753
317307
388165
795310
649014
736073
749007
607764
301866
541341
818561
660333
567879
81366
379983
467376
159453
418545
714886
631208
53612
832865
213117
586050
760713
346549
477794
937806
509353
653767
845362
941106
971074
749879
252768
136440
485952
518128
744204
787818
59469
79118
964504
143700
160484
344487
127429
836290
279384
842315
467498
332997
675180
196968
919047
952246
59869
396841
406404
569222
50608
251766
26680
538034
1646
279449
190826
487598
313929
451383
791769
373398
46853
272625
33450
207337
617112
160879
559979
896496
3195
27478
229493
194727
740798
664892
663325
800667
578085
69730
369890
628693
837848
912922
683079
355846
192371
873906
359797
506300
841641
151566
396050
888494
424191
945853
612183
557655
106732
172163
970503
626279
715993
716349
337359
456791
381241
517036
257458
959327
586766
143700
104372
940967
56623
787452
296813
765346
177710
656610
271647
535703
324528
184049
424197
265071
129902
36380
822726
752987
724895
793230
379266
440888
509579
716625
897679
407172
233662
671490
366499
336780
815190
470872
277747
871813
774676
90913
637160
952386
747523
425159
488089
588404
609208
428638
853475
255463
981370
676202
8450
706266
985784
904068
147154
495363
620694
561186
902535
370708
232676
785387
223840
47866
256259
501588
919680
547287
108853
73192
499673
372728
498351
504114
961132
623911
449104
814608
879374
430474
7162
404176
136740
992946
308245
800247
4661
445291
877785
423548
815999
110461
208935
39839
674679
981546
57779
110711
528833
166632
183903
544858
539361
682254
565324
500493
306166
14428
831453
701892
444903
838615
106069
97995
831561
414314
414594
352574
859605
292379
776123
191956
919192
985058
231795
593872
966605
805927
704583
495438
972559
888487
40297
28272
87093
605621
45118
393259
136402
876571
95152
581305
231539
717573
195652
579452
648239
610247
932027
507844
418978
708150
216152
338171
693208
964299
932043
176165
770226
152978
671604
259138
557817
228253
803762
644911
350226
848880
554522
486628
725452
166026
584285
473343
883599
779938
52795
531838
906537
984822
556034
325515
692972
772186
663686
386181
252838
112081
562346
23064
265060
750302
798554
339229
494907
602317
984140
845134
451197
55015
848114
693001
221041
432400
166344
104641
212338
219140
152831
635227
203962
708866
960742
413287
997404
624429
315820
250242
252862
394518
789659
517922
144821
588213
373504
639728
190530
357644
1214
158080
412659
849329
851081
150053
281729
533778
254694
10419
752918
923877
645646
473232
632743
122740
402871
146500
263521
718691
396742
516384
113210
186401
550658
258031
290967
924162
414111
481497
798159
931678
639577
210818
781007
7011
360871
579088
57141
131917
105859
326411
55795
267857
799643
204890
390597
202515
351390
654119
437558
264485
686855
550768
967238
237513
325151
258205
161676
739263
739703
959835
187293
895632
687005
968300
418995
564229
63740
476136
212498
685951
802547
784645
953808
118543
989536
860757
837410
857278
31228
274968
638115
718083
825737
605354
471949
667240
863559
633625
922855
119614
109812
110148
531599
313169
594800
466946
877398
658540
943083
89897
860843
261982
874542
331003
896877
380430
191761
734287
754061
739341
525608
908528
973777
867697
30234
445726
534937
893794
595703
457793
529760
705515
567941
577711
18684
679094
44658
412435
853986
504093
18684
714830
766075
409578
45833
179305
790009
753946
913592
60422
493288
955552
485302
467065
339601
515537
429143
874539
925683
24846
848684
455443
246713
932977
549507
781749
612071
594165
194184
466058
98258
212868
180888
380685
622447
743073
559990
928808
497020
989935
505582
990308
461839
990884
973725
801441
22773
402868
192332
948456
944066
41016
920252
190779
490345
469759
488880
102417
580276
683065
84827
194886
412285
782067
575571
551084
525140
651914
479892
22160
158201
501826
12468
620040
9063
502545
421481
31836
421765
613813
980293
365831
171181
416897
72962
661527
886656
561843
280296
983284
761260
365123
178170
173545
147190
270093
724630
672330
922007
720874
694491
80208
222701
223311
216601
231764
725857
154434
263600
147622
284600
760245
29806
455781
177142
102768
633660
580150
180963
913956
563434
942223
795431
741604
632121
942621
528050
356751
131304
450057
593977
825795
46618
333030
565458
779571
564794
807667
934005
344747
471642
218605
621344
501448
190739
314839
120568
340751
894989
301532
254708
974776
760107
566491
232732
392228
509113
760782
265331
640417
210840
859309
982564
773810
192339
64374
553381
273486
872042
3738
134585
860036
222344
755929
877836
929435
70768
998404
270186
482110
816288
41246
456886
576396
607738
689618
484976
633203
450401
750308
789972
177593
125969
288888
467755
834660
353262
537488
108146
741656
541226
759083
601692
279922
515013
995880
209357
102133
994285
995896
584243
326925
553494
557481
419673
677584
247100
904650
827139
213853
654958
617111
907798
297279
905999
891905
131939
775614
429393
756438
33622
970619
31873
635315
250542
63238
631195
976251
165372
141832
488499
265967
468758
558346
823449
888431
235930
586901
309433
63070
317106
480743
196533
741256
778022
618885
633161
426314
394499
62554
699104
428121
33173
730977
579788
800067
794216
727336
776319
959588
385520
781170
741907
370630
339516
81708
775414
575447
184961
84847
154869
502067
565591
867754
759675
859965
486639
392836
286279
397490
971742
985383
341964
521268
716361
438104
321335
510577
681792
614006
986517
67313
395177
728424
437943
251045
810133
729709
342844
995094
814557
497713
13514
896500
881820
289541
756465
368459
682378
42745
282302
654120
544480
140618
175388
260841
578722
13076
287770
260515
627082
274287
844180
538611
519064
798475
306009
845549
528185
648853
356995
342742
662919
370509
239242
544739
660051
512059
429550
858781
71156
228204
29253
615637
368822
720994
392830
947545
734070
680601
724412
877504
471240
568592
932468
990304
367067
238477
835853
895252
887330
192849
754346
66601
79710
509940
611340
256113
22000
557243
114894
93156
785447
144148
225145
154270
381494
617976
101815
115564
298577
342579
509420
769817
911171
441888
276474
794590
196717
112327
206195
600400
305176
960541
667001
901239
986834
794694
157352
8834
351937
272247
618342
137384
932747
359840
291654
830593
977816
909821
946157
792745
252400
971929
562562
679923
930170
839036
474514
126887
467716
680709
243639
289244
157602
910641
190483
144436
705335
347836
669622
57272
136435
804317
194656
585534
164157
2663
416127
141973
912484
878636
934718
681237
850565
13632
361160
780735
369021
352026
423975
836737
32735
667614
642333
706690
94607
832817
851126
799942
697005
520749
373566
349792
841418
84575
935326
5575
87238
867805
663900
516074
262793
598618
197311
113358
128602
74824
410446
497623
426850
350773
850712
975938
534739
493046
682628
629347
325863
50106
945641
539220
87207
319208
889012
928625
920135
340690
934200
523725
724847
598100
39799
987640
713070
753463
617350
358025
828287
27796
855648
771489
894921
222713
263779
429661
715759
462759
59008
557974
512866
521001
97194
600073
356561
502558
45051
276696
359600
495603
800421
84447
610056
356573
72087
323126
110036
689437
197503
454675
233586
53152
742516
128507
275865
522648
558168
507976
985407
133528
65950
498273
654530
679496
614699
527443
698406
176102
804140
58006
671705
120913
142453
281761
477486
214540
121240
103874
420329
318743
74901
653915
888247
333770
782423
680464
856418
856943
188440
841825
506824
770742
856451
677706
450238
987502
205149
148644
163604
525641
206650
351661
646555
865455
149775
640393
596347
787367
260620
16677
106110
851873
670592
510710
185643
969367
191174
558413
342663
895967
916591
365839
666709
773042
43545
633300
276896
248694
781944
956852
774336
504947
308513
937243
886754
974640
93988
483102
762007
870960
499779
384470
722834
686723
895180
424829
172443
602706
983243
31458
498673
899834
397297
165383
189228
440842
798683
466124
205888
96979
939328
496576
118278
764193
950171
5033
738834
44160
488135
500841
915120
504266
401663
154306
707341
296843
579136
879784
899550
78731
911242
398223
494917
824891
79958
684145
265733
878641
666621
987974
491973
122301
484550
610251
886494
434722
615284
141680
995234
619771
158874
426706
124037
560537
581013
831379
857381
676501
227515
273283
755232
655110
187858
250149
480001
267817
450646
262087
662810
633619
766413
154783
755920
250963
281387
158766
202037
413023
300447
713623
32795
459321
140330
673184
19858
237695
20915
393591
914196
764783
183226
185780
419893
371085
952281
416246
155254
402927
194685
818064
552898
961098
489200
825170
728414
770587
983936
446803
699962
284383
160427
732757
260056
817109
922294
279915
54804
943209
189858
485352
707992
373085
671132
644237
260522
623413
576836
415776
542692
771521
233840
611942
248972
239392
437112
977386
9979
421048
940541
709942
705432
617320
959051
965488
434429
881345
761755
5585
340907
467966
490937
565251
357403
162069
725841
617925
301834
302677
33701
360878
74198
783893
972820
323170
23286
409932
816908
549617
830981
757450
775911
52765
374770
734963
534605
325552
132660
812713
331137
989919
280679
822075
71523
638082
500496
797364
772359
802331
100041
806060
679561
690591
106305
652382
530114
129591
578666
347022
679209
925999
620824
455120
495116
511947
706435
29722
837499
839096
358787
684988
345367
155818
507063
416890
310252
523912
214254
82611
842595
830647
405023
522156
521239
511328
690890
51353
157272
269557
914727
836481
711908
51904
807953
207025
563851
514389
753099
917702
869837
111886
602690
731556
267704
626106
148447
577956
150018
879053
660567
992613
709701
65590
31121
230940
93270
722012
798645
250542
507921
713372
603375
219829
765276
411329
426854
845479
442070
179953
763181
828259
808191
882224
559815
75895
508330
224614
653851
658348
103668
830770
167313
813369
412712
714786
44309
22335
953150
359306
272877
461071
72678
876253
197253
354307
803934
140459
716138
762356
836765
479320
590615
644956
361544
666782
237204
386226
891397
891055
44574
511417
238178
728239
324786
167242
959377
885447
189577
912528
244753
462455
889951
833783
855060
87204
704442
658994
227664
420581
421350
64429
416253
528317
225737
294149
711451
462941
680375
119200
870349
241301
630617
624879
485892
471755
792121
445269
357202
981699
357797
118307
960506
247749
468443
815566
851305
689237
990912
595321
109818
928614
176102
42423
973283
401840
336572
684734
864781
533299
803935
251482
774600
950904
876361
260492
422660
668483
705762
296214
166534
579911
414522
643392
344012
399317
975310
195318
88554
966222
790639
714725
411188
483094
757148
384471
884934
610073
69205
266067
143372
389492
517550
434325
856749
910263
694817
279409
95098
916931
575623
261632
13195
506497
421376
357207
422166
396686
68877
510721
362908
375869
741798
774096
858963
15298
674919
260249
625371
260477
526316
285096
166321
560218
719421
23070
986834
930590
302479
81932
363874
394455
859917
377069
417304
281293
250628
839471
677980
835858
866544
557240
728079
608342
847689
587042
139992
522608
363643
765364
783085
406311
566812
949407
482882
286233
488829
469716
733175
791309
68000
97049
702116
927917
474118
635772
725563
241099
991595
403543
76957
374491
960783
321388
982833
808472
908430
122826
847433
788425
404542
630518
194736
971354
96277
677618
773939
585107
663686
507114
892768
731687
604164
111236
659604
594634
263360
385167
352085
254956
305062
945394
629447
782198
266782
128633
107022
691564
767811
954455
479989
688705
101326
191078
660059
197603
868696
950350
299062
48735
457464
708182
780422
577980
819418
956378
172615
82779
857898
524700
854087
162960
470095
483534
945158
736877
128519
52181
944794
896330
522988
424783
585035
624314
615861
761446
338270
910
711796
637332
49645
685613
861867
830067
263593
197637
786445
436208
796768
644343
477261
650855
323656
463708
650742
785166
716937
779261
837347
661731
191944
876688
86515
776979
501002
218728
54778
839272
219638
766574
992957
269283
968539
854824
615702
232133
568813
918500
184693
365582
79195
661954
16437
402851
642014
667179
188018
358952
962793
541717
20683
154737
418405
623550
448068
435760
842279
502846
275032
61917
785773
784341
847553
754312
155517
979607
502797
724331
898107
687491
89913
977303
865797
622702
896506
507812
806234
600876
383116
769027
658946
403799
440116
593703
543702
888184
29463
385981
907383
820848
964250
693156
605189
328155
963820
277059
307763
466618
1390
722222
670461
607655
215877
536258
230357
112384
560422
552943
229612
459890
321970
888558
863690
278438
998614
923744
166623
28077
309725
74006
848925
790327
283514
970467
118483
247334
247526
942598
230304
765268
664820
900765
372923
880698
953376
119632
509434
30150
672576
255398
490041
994546
660309
870083
272985
658923
793827
955960
203352
619904
546318
52278
926583
829832
539097
45066
593518
786623
504016
823823
551891
168837
240940
924814
565887
710668
44446
591673
257171
717022
363423
747212
227921
540084
133647
17258
199007
443826
489570
402360
63730
35888
970990
990313
865720
510087
551732
975590
813062
572100
315765
364953
257289
73058
806119
823176
783726
366917
931201
40897
600292
810977
304461
344565
351061
954460
878175
66421
398286
367745
468781
978368
403633
956123
485034
785705
982562
553118
761295
795624
125218
77061
676929
382508
150119
483048
722036
450197
366317
169590
7447
482961
980567
828260
827526
331628
782721
705701
398049
181007
73446
383182
675728
993431
855657
160762
779136
838219
230232
540432
633843
355450
133845
827124
737958
283964
826524
459995
250513
192842
629585
257960
675803
126504
86221
19682
458132
868942
725383
372534
566301
315182
272068
758381
308613
127726
919143
604102
965945
665727
144534
116141
21178
794731
943265
759136
595047
769790
735483
845560
478984
365068
103521
671139
491572
189742
690821
466057
575036
932557
354943
657689
764091
627011
416071
589056
754737
851566
193158
237035
517294
854044
869528
538472
648775
329145
813960
243822
615287
549444
89383
94271
430864
192904
281763
438789
898998
972584
421198
990386
421493
776141
648075
185584
919504
580498
774641
190594
432065
484151
427629
465711
338196
813509
4183
986971
142654
334495
230794
274294
400291
320177
884917
831156
29433
166680
786297
444783
655617
723847
435169
77110
499988
599596
779047
935844
696447
70040
126438
128512
554191
70419
594223
892387
883928
114758
879359
542935
965605
626505
817229
365897
946682
702146
713405
492467
385179
16054
937250
40796
739901
888771
634258
756241
4719
413305
692085
701166
483345
818524
346030
37537
405295
456605
446276
289224
87715
325635
348511
53321
952140
682092
935570
415174
900590
648975
423993
285769
665029
361243
842917
921282
766366
477176
677523
287438
890481
885960
988604
890179
704484
850987
927716
626132
307592
890344
431708
911660
732332
780219
964981
684472
978663
900551
615999
879253
65878
39992
681375
247259
917588
524292
684893
200306
1468
362416
487744
891950
248376
992701
782129
469213
843688
226197
95345
667632
632893
527053
579292
365225
823624
60625
566050
802287
477528
182049
197892
543406
738393
879267
307017
655981
403560
991910
856288
921380
870678
860384
329682
119055
853085
111811
104620
696773
854360
716317
880758
487254
759722
460050
368831
583346
520676
934881
901985
998204
116930
99877
57963
855324
495497
881332
27657
415409
873243
883945
336789
743921
744330
666472
379328
113767
294635
300
326893
665348
232969
207651
668954
992691
184053
37785
92389
221081
972667
994374
219286
89597
610604
793601
461273
622453
674933
488931
37862
64528
889228
374651
324802
149910
557475
220482
263678
852111
220783
106923
517459
970104
314574
186413
962796
498627
740550
55185
719709
713217
565912
455347
319167
692868
765300
780440
315321
956585
785723
353183
537466
191304
244186
862268
857566
801662
599102
637596
170125
336237
744519
203936
306342
59093
906701
269138
74073
647251
840675
310134
360469
922939
281833
679636
615807
47133
976428
447480
520070
278504
317015
57536
469808
77554
436156
843726
395568
35259
481323
565693
371496
225842
285981
677838
801288
192682
463328
391713
356285
304004
701847
233106
743295
500032
429094
875455
547165
405523
322935
583587
200379
156303
641124
186539
233857
77280
30265
629425
112539
511588
711470
388
253783
997451
194578
571423
706485
657907
963136
62770
478263
181335
812229
221558
681367
241323
97013
744884
163198
936301
328471
363577
92604
485947
550116
842813
563228
580382
472238
192119
608322
700060
708859
378457
213863
903438
949880
920348
561345
429368
499470
555960
610703
311699
777518
808422
69375
390884
69658
232573
843537
398130
596151
936141
400429
662619
295306
963657
759353
767544
672129
367676
983956
897340
262485
197819
800778
212366
634519
878475
641734
650341
434435
768790
478393
211954
577212
547768
119190
646871
780341
962727
561353
892844
415220
961782
555464
710526
441792
314817
994422
630273
198845
978378
527613
461331
692549
328392
190049
843420
206867
348135
493761
157655
116925
972154
885961
210490
36274
5151
373713
816616
484230
451418
225812
899450
413200
781276
126328
371344
612446
120750
1617
327643
615480
45583
305326
824381
890327
495375
667801
97194
359863
161562
254849
993140
650069
140810
719982
686343
662313
93695
19311
146543
61465
245124
562345
991018
542752
688673
362362
671550
325775
880332
999194
941255
925915
304520
281988
332594
316248
949789
946140
192463
627704
200990
185603
277773
858152
421938
480468
36818
31985
16132
699713
93451
777608
262059
84469
836712
467084
963183
508263
792860
843515
23809
250467
285782
844681
532456
618376
677281
998597
564517
869744
626301
281859
571700
904074
656363
993638
900895
209533
25623
917027
909247
635426
210987
687658
719895
47699
671094
683079
555962
463954
42946
579771
230774
328729
424453
279582
463457
101734
278179
544326
487831
904481
342537
59531
324907
998901
569521
742154
724786
111496
175533
634033
746923
386520
838043
466818
434220
509138
666249
506534
489444
709196
602658
236570
554277
543463
516152
17734
645197
310684
78413
649380
731517
420950
225263
572776
419851
311136
314931
144638
422633
490464
295023
685908
393337
133067
152726
827557
158557
335328
334091
648001
44524
453101
884572
115153
996564
917076
649239
158114
227760
727652
807494
959277
148603
32758
532054
84806
343894
363337
745796
282879
370153
40820
968787
763490
690239
637866
591047
848796
973194
441491
13149
534070
894592
897721
165575
891157
814798
814814
49271
558910
542467
373117
34540
691070
922227
82946
775876
782474
446283
521673
65353
816436
78845
550493
96279
769084
188359
203678
134232
677905
645169
147381
728327
56114
561455
893902
463623
892605
708716
29246
451515
251183
402363
486055
458605
840943
569001
750834
623417
531636
788859
688770
864425
867704
755615
960704
153140
943974
164382
803724
138231
325904
467457
866558
898370
28912
760460
361993
921517
985529
907591
889385
753064
826306
375440
211670
667249
460794
478856
290666
508782
267715
495789
